8
M1         0.0000000 0.2851087 0.1191037 0.2218615 0.6603801 0.4464372 0.4546614 0.7216583 
M2         0.2851087 0.0000000 0.3246889 0.4617031 1.1334738 0.7974325 0.8180690 1.2711441 
M3         0.1191037 0.3246889 0.0000000 0.1491811 0.5294604 0.3450741 0.3507872 0.5766622 
M4         0.2218615 0.4617031 0.1491811 0.0000000 0.7043618 0.4853991 0.4464372 0.7688242 
M5         0.6603801 1.1334738 0.5294604 0.7043618 0.0000000 0.2931446 0.2976557 0.5003603 
M6         0.4464372 0.7974325 0.3450741 0.4853991 0.2931446 0.0000000 0.0868382 0.2451621 
M7         0.4546614 0.8180690 0.3507872 0.4464372 0.2976557 0.0868382 0.0000000 0.2415260 
M8         0.7216583 1.2711441 0.5766622 0.7688242 0.5003603 0.2451621 0.2415260 0.0000000 
