8
M1         0.0000000 0.1265265 0.1471804 0.1299914 0.0948603 0.1642412 1.1060458 0.5306845 
M2         0.1265265 0.0000000 0.1618335 0.1721082 0.1345122 0.1972600 1.1860385 0.5989832 
M3         0.1471804 0.1618335 0.0000000 0.1710177 0.1498922 0.1956398 1.1484212 0.5805119 
M4         0.1299914 0.1721082 0.1710177 0.0000000 0.1357371 0.1928004 1.0840531 0.5513939 
M5         0.0948603 0.1345122 0.1498922 0.1357371 0.0000000 0.1271585 1.0151843 0.4815593 
M6         0.1642412 0.1972600 0.1956398 0.1928004 0.1271585 0.0000000 1.1221691 0.5749936 
M7         1.1060458 1.1860385 1.1484212 1.0840531 1.0151843 1.1221691 0.0000000 1.4999019 
M8         0.5306845 0.5989832 0.5805119 0.5513939 0.4815593 0.5749936 1.4999019 0.0000000 
