8
M1         0.0000000 0.1998555 0.2360357 0.1975757 0.1612428 0.2599770 1.0767925 0.6352888 
M2         0.1998555 0.0000000 0.2478803 0.2253491 0.1850102 0.2661484 1.1758049 0.7370711 
M3         0.2360357 0.2478803 0.0000000 0.2460481 0.2279093 0.3023210 1.1634679 0.7075447 
M4         0.1975757 0.2253491 0.2460481 0.0000000 0.1826370 0.2655243 1.1391029 0.6410238 
M5         0.1612428 0.1850102 0.2279093 0.1826370 0.0000000 0.2184325 1.0926942 0.6390856 
M6         0.2599770 0.2661484 0.3023210 0.2655243 0.2184325 0.0000000 1.0775724 0.6861845 
M7         1.0767925 1.1758049 1.1634679 1.1391029 1.0926942 1.0775724 0.0000000 1.3281815 
M8         0.6352888 0.7370711 0.7075447 0.6410238 0.6390856 0.6861845 1.3281815 0.0000000 
