8
M1         0.0000000 0.2959809 0.3462345 0.2980031 0.2386382 0.3718557 1.1128739 0.7502259 
M2         0.2959809 0.0000000 0.3576060 0.3284894 0.2712713 0.4146114 1.2246790 0.8825722 
M3         0.3462345 0.3576060 0.0000000 0.3483552 0.3247052 0.4578659 1.1824744 0.8386697 
M4         0.2980031 0.3284894 0.3483552 0.0000000 0.2540821 0.4024766 1.1983218 0.7982656 
M5         0.2386382 0.2712713 0.3247052 0.2540821 0.0000000 0.3426336 1.1691344 0.8081134 
M6         0.3718557 0.4146114 0.4578659 0.4024766 0.3426336 0.0000000 1.0671134 0.7741909 
M7         1.1128739 1.2246790 1.1824744 1.1983218 1.1691344 1.0671134 0.0000000 1.1204435 
M8         0.7502259 0.8825722 0.8386697 0.7982656 0.8081134 0.7741909 1.1204435 0.0000000 
