8
M1         0.0000000 0.4183777 0.4807139 0.4195676 0.3319981 0.5239047 1.2253696 0.9092095 
M2         0.4183777 0.0000000 0.5003073 0.4703637 0.3918426 0.5775194 1.2991284 1.0212463 
M3         0.4807139 0.5003073 0.0000000 0.4849389 0.4332125 0.6271428 1.2408899 0.9897385 
M4         0.4195676 0.4703637 0.4849389 0.0000000 0.3642728 0.5498179 1.2903569 0.9388642 
M5         0.3319981 0.3918426 0.4332125 0.3642728 0.0000000 0.4934813 1.3120204 0.9915253 
M6         0.5239047 0.5775194 0.6271428 0.5498179 0.4934813 0.0000000 1.1452017 0.8709428 
M7         1.2253696 1.2991284 1.2408899 1.2903569 1.3120204 1.1452017 0.0000000 1.0630045 
M8         0.9092095 1.0212463 0.9897385 0.9388642 0.9915253 0.8709428 1.0630045 0.0000000 
