8
M1         0.0000000 0.5528856 0.6478901 0.5591058 0.4490932 0.6984633 1.4176304 1.1149996 
M2         0.5528856 0.0000000 0.6527039 0.6210738 0.5173667 0.7450823 1.4902140 1.2256209 
M3         0.6478901 0.6527039 0.0000000 0.6393483 0.5723937 0.8024053 1.3847543 1.1918585 
M4         0.5591058 0.6210738 0.6393483 0.0000000 0.4848897 0.7111235 1.4684320 1.1204191 
M5         0.4490932 0.5173667 0.5723937 0.4848897 0.0000000 0.6553624 1.5142689 1.2210256 
M6         0.6984633 0.7450823 0.8024053 0.7111235 0.6553624 0.0000000 1.2803772 1.0263973 
M7         1.4176304 1.4902140 1.3847543 1.4684320 1.5142689 1.2803772 0.0000000 1.1493765 
M8         1.1149996 1.2256209 1.1918585 1.1204191 1.2210256 1.0263973 1.1493765 0.0000000 
