8
M1         0.0000000 0.1820203 0.1443554 0.2216771 0.5173394 0.4408400 0.4592458 0.7798288 
M2         0.1820203 0.0000000 0.2216771 0.3078963 0.6490638 0.5587292 0.5803134 0.9744622 
M3         0.1443554 0.2216771 0.0000000 0.1820203 0.4592458 0.3881868 0.3714263 0.6490638 
M4         0.2216771 0.3078963 0.1820203 0.0000000 0.4974707 0.4592458 0.4408400 0.7517882 
M5         0.5173394 0.6490638 0.4592458 0.4974707 0.0000000 0.3232815 0.3389888 0.5587292 
M6         0.4408400 0.5587292 0.3881868 0.4592458 0.3232815 0.0000000 0.1950076 0.4053304 
M7         0.4592458 0.5803134 0.3714263 0.4408400 0.3389888 0.1950076 0.0000000 0.4592458 
M8         0.7798288 0.9744622 0.6490638 0.7517882 0.5587292 0.4053304 0.4592458 0.0000000 
