8
M1         0.0000000 0.2852223 0.1191208 0.2219097 0.6607807 0.4467066 0.4549929 0.7223210 
M2         0.2852223 0.0000000 0.3248170 0.4619239 1.1344363 0.7982204 0.8190429 1.2728877 
M3         0.1191208 0.3248170 0.0000000 0.1491905 0.5296668 0.3452092 0.3509617 0.5770320 
M4         0.2219097 0.4619239 0.1491905 0.0000000 0.7046582 0.4856277 0.4467066 0.7693737 
M5         0.6607807 1.1344363 0.5296668 0.7046582 0.0000000 0.2931909 0.2977303 0.5005313 
M6         0.4467066 0.7982204 0.3452092 0.4856277 0.2931909 0.0000000 0.0868442 0.2452484 
M7         0.4549929 0.8190429 0.3509617 0.4467066 0.2977303 0.0868442 0.0000000 0.2415889 
M8         0.7223210 1.2728877 0.5770320 0.7693737 0.5005313 0.2452484 0.2415889 0.0000000 
